7740.19 2365.08  1947.6
2365.08 2359.14 1943.47
 1947.6 1943.47 1952.57
7742.29 2362.23 1947.95
2362.23 2356.21 1943.01
1947.95 1943.01 1952.57
7753.95 2368.77 1951.39
2368.77 2360.25 1943.42
1951.39 1943.42 1952.57
7747.54 2370.94 1949.58
2370.94 2365.25 1946.12
1949.58 1946.12 1952.57
7729.72 2362.52 1949.51
2362.52 2357.04 1943.96
1949.51 1943.96 1952.57
7741.12 2367.71  1951.5
2367.71  2361.4 1944.12
 1951.5 1944.12 1952.57
7744.22 2370.08    1952
2370.08 2364.75 1946.87
   1952 1946.87 1952.57
7746.33 2366.29 1952.37
2366.29 2353.86 1942.64
1952.37 1942.64 1952.57
7756.66 2375.39  1956.3
2375.39 2365.82 1946.88
 1956.3 1946.88 1952.57
7734.32 2361.83 1949.13
2361.83 2354.12  1942.5
1949.13  1942.5 1952.57
7468.37 2324.67 1950.73
2324.67 2317.39  1944.3
1950.73  1944.3 1952.57
